-2.0 5.0
-1.3606942286976613 5.774907791070756
-0.8237903734386591 6.652217498184849
-0.301880937976744 7.54452162509603
0.3140508234470558 8.342803426045325
1.1123501944855776 8.958717617379897
2.122896389527007 9.362384984711564
3.297005146942001 9.602489789669663
4.513078531814199 9.800629967170561
5.608153745706061 10.119768315651793
6.4271915263828685 10.71494409734808
6.875737759997078 11.680611426106967
6.959465198746759 13.011097549730382
6.796894869326394 14.587881441523843
6.5987278351239915 16.20026203809934
6.616803284807487 17.596400150788938
7.075046338312038 18.552370659657484
8.101122063282444 18.940508497060172
9.67883966931747 18.77700445339824
11.636960336735191 18.233097348353613
13.680859690204999 17.6034115572569
15.46180552139699 17.23667928843801
16.667588553261456 17.445109818946634
17.111031546193402 18.415880388387784
16.791751623289116 20.14937387366517
15.91215284645465 22.443186212872725
14.839840913800124 24.92971170790035
14.022731431452108 27.161034752621457
13.876384872474675 28.721594873971984
14.671886980346073 29.340306328473684